time_limit_c=1
time_limit_java=1
time_limit_python=1
C=([0.002428],[0.149775],[0.9566849999999999])
Java=([],[],[])
Python=([],[],[])
