time_limit_c=1
time_limit_java=1
time_limit_python=1
C=([0.0025269999999999997],[0.14865],[0.9201779999999999])
Java=([],[],[])
Python=([],[],[])
