time_limit_c=1
time_limit_java=1
time_limit_python=1
C=([0.0015689999999999999],[0.003454],[0.029249])
Java=([],[],[])
Python=([],[],[])
