time_limit_c=2
time_limit_java=1
time_limit_python=1
C=([0.002022, 0.001963],[0.487303, 0.464126],[1.6209319999999998, 1.581782])
Java=([],[],[])
Python=([],[],[])
