time_limit_c=1
time_limit_java=1
time_limit_python=1
C=([0.0023599999999999997],[0.002917],[0.09382])
Java=([],[],[])
Python=([],[],[])
