time_limit_c=22
time_limit_java=1
time_limit_python=1
C=([0.0018729999999999999],[7.330665000000001],[43.704601])
Java=([],[],[])
Python=([],[],[])
