time_limit_c=1
time_limit_java=1
time_limit_python=1
C=([0.0015379999999999999],[0.006272],[0.092126])
Java=([],[],[])
Python=([],[],[])
