time_limit_c=1
time_limit_java=1
time_limit_python=1
C=([0.0018299999999999998, 0.0017959999999999999],[0.015948999999999998, 0.017086],[0.18181299999999997, 0.18408199999999997])
Java=([],[],[])
Python=([],[],[])
